Size,BST Height, AVL Height, Red-Black Tree Height
1,1.0 1.0, 1.0
10,6.0 4.0, 4.0
20,8.1 5.0, 5.3
30,9.1 6.0, 6.0
40,10.4 6.4, 6.6
50,10.3 7.0, 7.0
90,12.8 8.0, 8.0
100,13.8 8.0, 8.1
150,15.4 8.8, 9.0
200,16.3 9.0, 9.4
250,16.6 9.6, 10.0
300,17.2 10.0, 10.0
350,18.3 10.0, 10.2
400,19.4 10.2, 10.8
450,19.0 10.6, 11.0
500,19.5 11.0, 11.0
550,20.3 11.0, 11.2
600,20.3 11.0, 11.4
650,20.2 11.2, 11.4
700,20.1 11.2, 11.8
750,20.8 11.1, 11.9
800,20.8 11.7, 11.8
850,21.4 12.0, 12.0
900,20.9 12.0, 12.0
950,22.7 12.0, 12.0
1000,22.5 12.0, 12.0
1024,22.7 12.0, 12.2
